ContactId	Overall_Rank	Name	Gender	Division	Div_Rank	Total_Time	Swim	T1	Bike	T2	Run	Country	Status
	DNF	Chris Fischer	M	MPRO	0		0:57:35	0:03:45	4:45:00	0:01:28		Unknown	DNF
	DNF	Alice Hector	F	FPRO	0		0:57:38	0:03:42				Unknown	DNF
	DNF	Gordon CHILDS	M	M30-34	0		1:38:55	0:07:06				Unknown	DNF
	DNF	Matthew DYKE	M	M25-29	0		1:13:22	0:03:59		0:02:28		Unknown	DNF
	DNF	Philip WESTOBY	M	M40-44	0		1:07:09	0:03:57	5:51:56			Unknown	DNF
	DNF	Tim ANDREWS	M	M35-39	0		1:20:05	0:06:48	6:39:43	0:03:47		Unknown	DNF
	DNF	Diarmuid SPELMAN	M	M30-34	0		1:12:19	0:08:35	5:16:35	0:02:57		Unknown	DNF
	DNF	Alicia LIVINGSTONE	F	F35-39	0		1:14:06	0:06:27				Unknown	DNF
	DNF	Jack GOODWIN-SIMS	M	M25-29	0		1:18:43	0:11:00				Unknown	DNF
	DNF	Gareth ELLIS	M	M50-54	0		1:08:51	0:03:57	5:46:47	0:02:25		Unknown	DNF
	DNF	Jonathan CLAYTON	M	M50-54	0		1:46:37	0:14:13	7:57:02	0:09:49		Unknown	DNF
	DNF	ANDREA FAWELL	F	F50-54	0		1:43:37	0:10:52	7:03:23	0:05:20		Unknown	DNF
	DNF	David LONGSTAFF	M	M55-59	0		1:22:24	0:13:43	6:40:17	0:07:43		Unknown	DNF
	DNF	Yvette CURTIS	F	F35-39	0		1:50:07	0:09:36				Unknown	DNF
	DNF	Mark BAYLISS	M	M35-39	0		1:04:53	0:06:09				Unknown	DNF
	DNF	Ian IMESON	M	M55-59	0		1:19:23	0:03:57	6:23:59	0:02:28		Unknown	DNF
	DNF	Dan Mason	M	M40-44	0		1:13:17	0:04:26	6:16:01	0:04:38		Unknown	DNF
	DNF	Ralph MEADOWS	M	M45-49	0		1:20:59	0:08:03	5:37:03	0:02:26		Unknown	DNF
	DNF	Lisa Buchanan	F	F30-34	0			0:10:23				Unknown	DNF
	DNF	Simon CARTER	M	M35-39	0		1:21:51	0:04:15				Unknown	DNF
	DNF	Graeme DODRILL	M	M35-39	0			0:12:22				Unknown	DNF
	DNF	Dave MAULE	M	M35-39	0		1:04:08	0:03:08				Unknown	DNF
	DNF	Kirsten SMITH	F	F35-39	0		1:12:49	0:05:33	6:32:56	0:07:07		Unknown	DNF
	DNF	Les NOTTAGE	M	M45-49	0		1:38:34	0:07:39				Unknown	DNF
	DNF	Phil BAKER	M	M45-49	0		1:31:10	0:10:24				Unknown	DNF
	DNF	Tudor MORRIS	M	M18-24	0		1:10:33	0:03:54	5:14:52			Unknown	DNF
	DNF	Colin IGGLEDEN	M	M50-54	0		1:19:35	0:09:16	7:06:06	0:05:35		Unknown	DNF
	DNF	Phil JAMES	M	M50-54	0							Unknown	DNF
	DNF	Richard ORME	M	M65-69	0		1:51:44	0:13:32	8:14:44	0:00:17	5:14:48	Unknown	DNF
	DNF	Wayne CLARKE	M	M55-59	0		1:20:25	0:12:41	6:39:12	0:08:25		Unknown	DNF
	DNF	Matthew HAWKER	M	M40-44	0							Unknown	DNF
	DNF	Sam STEVENS	M	M30-34	0		1:12:16	0:06:25	5:23:36	0:02:27		Unknown	DNF
	1	Marek JASKOLKA	M	MPRO	1	8:42:32	0:51:37	0:03:30	4:48:47	0:01:30	2:57:06	Unknown	FIN
	2	Jaroslav Kovacic	M	MPRO	2	8:45:51	0:50:08	0:03:39	4:52:49	0:01:07	2:58:06	Unknown	FIN
	3	Sergio Marques	M	MPRO	3	8:46:51	0:57:34	0:03:36	4:58:34	0:01:47	2:45:19	Unknown	FIN
	4	David Nisvik	M	MPRO	4	8:51:38	0:57:42	0:03:32	4:45:09	0:01:39	3:03:35	Unknown	FIN
	5	Graeme STEWART	M	MPRO	5	8:53:04	0:57:44	0:03:36	4:45:04	0:01:11	3:05:27	Unknown	FIN
	6	Petr Vabrousek	M	MPRO	6	9:01:39		6:01:57			2:59:41	Unknown	FIN
	7	Stephen Bayliss	M	MPRO	7	9:10:32	0:50:06	0:03:39	4:58:18	0:01:20	3:17:07	Unknown	FIN
	8	Chris WALKER	M	M25-29	1	9:13:43	0:56:46	0:03:38	4:56:47	0:01:36	3:14:54	Unknown	FIN
	9	Chris WHITCOMBE	M	M30-34	1	9:15:23	0:52:06	0:03:34	4:58:28	0:01:57	3:19:17	Unknown	FIN
	10	Karl Alexander	M	M35-39	1	9:25:03	1:03:00	0:03:52	4:58:07	0:01:41	3:18:22	Unknown	FIN
	11	Ludovic PROUZET	M	M40-44	1	9:31:19	1:00:17	0:03:45	4:56:10	0:02:03	3:29:02	Unknown	FIN
	12	Aled JONES	M	M25-29	2	9:37:16	1:00:14	0:03:29	4:59:18	0:02:31	3:31:43	Unknown	FIN
	13	Joe BEECH	M	M25-29	3	9:38:16	1:14:17	0:06:09	4:58:21	0:03:06	3:16:21	Unknown	FIN
	14	Joe DUCKWORTH	M	M45-49	1	9:41:10	1:12:03	0:03:41	5:13:32	0:01:36	3:10:16	Unknown	FIN
	15	Camilla Lindholm	F	FPRO	1	9:41:31	1:11:08	0:03:51	5:14:41	0:01:28	3:10:21	Unknown	FIN
	16	Max HAZELL	M	M18-24	1	9:42:53	0:52:13	0:03:41	5:24:51	0:01:18	3:20:49	Unknown	FIN
	17	James EASSON	M	M35-39	2	9:50:01	1:15:27	0:07:58	5:16:21	0:02:01	3:08:13	Unknown	FIN
	18	Aleksei Brylev	M	MPRO	8	9:50:59	0:57:22	0:03:31	5:02:00	0:01:35	3:46:29	Unknown	FIN
	19	Paulo MARGARIDO	M	M45-49	2	9:51:00	1:02:51	0:03:46	5:33:01	0:01:02	3:10:19	Unknown	FIN
	20	Anthony WEBB	M	M35-39	3	9:51:37	1:08:38	0:06:07	5:11:31	0:03:34	3:21:45	Unknown	FIN
	21	Kate Comber	F	FPRO	2	9:52:21	0:57:29	0:03:43	5:25:53	0:01:29	3:23:45	Unknown	FIN
	22	Vicky Gill	F	FPRO	3	9:53:26	1:07:01	0:03:39	5:19:01	0:01:25	3:22:19	Unknown	FIN
	23	Donald BROOKS	M	M35-39	4	9:54:30	0:55:10	0:03:40	5:18:48	0:02:03	3:34:48	Unknown	FIN
	24	Nick WHELDON	M	M40-44	2	9:55:34	1:03:24	0:03:47	5:16:13	0:03:10	3:28:58	Unknown	FIN
	25	Lee COOK	M	M30-34	2	9:56:53	1:09:13	0:03:41	5:21:22	0:01:53	3:20:42	Unknown	FIN
	26	Paul RANSOME	M	M30-34	3	9:57:27	1:10:00	0:05:00	5:06:15	0:02:14	3:33:57	Unknown	FIN
	27	Andy NORRIS	M	M40-44	3	9:58:22	1:11:28	0:04:49	5:33:07	0:01:46	3:07:11	Unknown	FIN
	28	Dan COLE	M	M40-44	4	10:01:09	1:13:03	0:04:49	5:10:58	0:02:54	3:29:23	Unknown	FIN
	29	Ken HOLDER	M	M45-49	3	10:03:55	1:07:46	0:03:57	5:17:06	0:01:16	3:33:49	Unknown	FIN
	30	Steve BERRY	M	M45-49	4	10:05:07	1:13:27	0:05:12	5:03:28	0:02:36	3:40:22	Unknown	FIN
	31	Eva Potuckov	F	FPRO	4	10:06:52	0:57:26	0:03:38	5:29:57	0:01:48	3:34:01	Unknown	FIN
	32	Matt Molloy	M	M45-49	5	10:07:40	0:55:27	0:03:53	5:21:23	0:04:23	3:42:33	Unknown	FIN
	33	Dave PHILLIPS	M	M35-39	5	10:08:55	0:58:08	0:03:40	5:33:04	0:04:56	3:29:06	Unknown	FIN
	34	Yvette Grice	F	FPRO	5	10:09:49	0:57:48	0:03:50	5:38:09	0:01:24	3:28:36	Unknown	FIN
	35	Cedric LARGAJOLLI	M	M30-34	4	10:10:19	1:03:46	0:03:59	5:31:29	0:03:22	3:27:42	Unknown	FIN
	36	John MEAD	M	M40-44	5	10:11:02	1:07:05	0:04:22	5:14:20	0:02:17	3:42:56	Unknown	FIN
	37	Matthew DOWLE	M	M35-39	6	10:11:30	1:11:19	0:03:25	5:21:53	0:02:23	3:32:28	Unknown	FIN
	38	Giles HEAMAN	M	M40-44	6	10:12:58	1:19:09	0:04:49	5:19:59	0:02:17	3:26:43	Unknown	FIN
	39	James WILSON	M	M30-34	5	10:13:26	1:13:29	0:03:47	5:18:43	0:02:32	3:34:53	Unknown	FIN
	40	Mark RICHARDS	M	M30-34	6	10:14:21	0:54:44	0:04:12	5:33:56	0:03:02	3:38:25	Unknown	FIN
	41	Daniel GENAZZINI	M	M35-39	7	10:15:01	1:01:37	0:03:39	5:23:00	0:02:54	3:43:49	Unknown	FIN
	42	Tom CARTER	M	M25-29	4	10:17:46	1:03:07	0:03:36	5:19:41	0:02:28	3:48:53	Unknown	FIN
	43	Alena Stevens	F	FPRO	6	10:20:10	1:05:31	0:03:54	5:44:59	0:01:25	3:24:19	Unknown	FIN
	44	Dan WHAITES	M	M25-29	5	10:20:20	1:00:12	0:03:34	5:36:01	0:01:15	3:39:16	Unknown	FIN
	45	Fabrice GALBOURDIN	M	M40-44	7	10:24:28	1:09:42	0:04:39	5:30:22	0:02:53	3:36:51	Unknown	FIN
	46	Dan DICKINSON	M	M35-39	8	10:25:28	1:12:12	0:04:08	5:35:44	0:03:07	3:30:14	Unknown	FIN
	47	Dean CROW	M	M30-34	7	10:27:09	1:05:40	0:04:33	5:16:19	0:01:28	3:59:07	Unknown	FIN
	48	Gareth RICE	M	M35-39	9	10:27:26	1:11:02	0:04:07	5:24:43	0:02:05	3:45:27	Unknown	FIN
	49	Vanessa Pereira	F	FPRO	7	10:27:57	1:07:04	0:03:50	5:42:14	0:02:59	3:31:48	Unknown	FIN
	50	Jack WILTSHIRE	M	M30-34	8	10:28:25	0:58:14	0:06:46	5:26:50	0:03:35	3:52:58	Unknown	FIN
	51	Timothy MALE	M	M40-44	8	10:29:19	1:04:43	0:03:20	5:28:58	0:04:32	3:47:43	Unknown	FIN
	52	Ivan JONES	M	M45-49	6	10:30:37	1:10:13	0:03:49	5:30:46	0:01:17	3:44:30	Unknown	FIN
	53	Andrew CARSON	M	M30-34	9	10:32:42	1:11:04	0:06:12	5:40:02	0:04:26	3:30:57	Unknown	FIN
	54	Craig WARD	M	M50-54	1	10:34:05	1:03:19	0:03:59	5:33:43	0:03:39	3:49:22	Unknown	FIN
	55	Bernd MARKGRAF	M	M50-54	2	10:35:43	1:07:44	0:03:52	5:23:37	0:02:25	3:58:03	Unknown	FIN
	56	Andy CORNTHWAITE	M	M30-34	10	10:37:11	1:14:29	0:04:15	5:47:03	0:01:12	3:30:11	Unknown	FIN
	57	Stan GRUNCELL	M	M25-29	6	10:38:34	1:03:59	0:03:45	5:48:21	0:02:35	3:39:52	Unknown	FIN
	58	Joanna Carritt	F	FPRO	8	10:40:50	1:09:25	0:03:34	5:46:53	0:01:21	3:39:35	Unknown	FIN
	59	Paul BRUTON	M	M40-44	9	10:43:25	1:06:28	0:03:48	5:49:10	0:05:15	3:38:43	Unknown	FIN
	60	Rob PARRY	M	M35-39	10	10:43:44	1:12:23	0:03:48	5:20:34	0:02:19	4:04:38	Unknown	FIN
	61	Alexander (Sandy) TELFER	M	M50-54	3	10:43:56	1:10:15	0:04:51	5:36:02	0:01:54	3:50:53	Unknown	FIN
	62	Craig MCEWAN	M	M40-44	10	10:44:37	1:19:59	0:09:38	5:34:33	0:04:12	3:36:13	Unknown	FIN
	63	Andy SMITH	M	M40-44	11	10:44:50	1:14:23	0:04:19	5:26:49	0:03:36	3:55:41	Unknown	FIN
	64	Selwyn SMITH	M	M40-44	12	10:45:14	1:07:55	0:03:39	5:47:16	0:02:56	3:43:28	Unknown	FIN
	65	Chris HITCHINGS	M	M25-29	7	10:45:51	1:03:37	0:03:43	5:27:02	0:02:19	4:09:08	Unknown	FIN
	66	Alex BOYCE	M	M35-39	11	10:47:16	1:01:11	0:04:36	5:56:30	0:02:42	3:42:16	Unknown	FIN
	67	Shane RICE	M	M25-29	8	10:49:55	1:12:44	0:09:09	5:55:39	0:06:15	3:26:06	Unknown	FIN
	68	Paul GANNICLIFFT	M	M40-44	13	10:53:02	1:15:56	0:04:10	5:48:13	0:02:22	3:42:20	Unknown	FIN
	69	Dave MAWHINNEY	M	M55-59	1	10:54:07	1:12:30	0:08:04	5:25:33	0:02:13	4:05:46	Unknown	FIN
	70	Andy ELLINS	M	M45-49	7	10:54:32	1:35:45	0:03:15	5:37:20	0:02:32	3:35:39	Unknown	FIN
	71	BRIAN HEFFERNAN	M	M45-49	8	10:55:03	1:13:31	0:05:32	5:45:14	0:06:01	3:44:42	Unknown	FIN
	72	Tim CARMAN	M	M45-49	9	10:55:31	1:10:11	0:03:54	5:43:54	0:02:00	3:55:31	Unknown	FIN
	73	Paul SELLARS	M	M45-49	10	10:55:56	1:14:15	0:06:02	5:42:08	0:04:15	3:49:14	Unknown	FIN
	74	Brendan REESE	M	M35-39	12	10:58:01	1:15:38	0:05:09	5:58:12	0:02:43	3:36:18	Unknown	FIN
	75	Paul FRANKS	M	M40-44	14	10:59:45	1:02:55	0:04:14	5:39:50	0:02:05	4:10:39	Unknown	FIN
	76	Gethin PARHAM	M	M40-44	15	10:59:49	1:05:51	0:04:03	5:51:06	0:02:56	3:55:51	Unknown	FIN
	77	Clive BOULTON	M	M45-49	11	11:00:47	1:20:50	0:06:47	5:44:01	0:04:07	3:45:00	Unknown	FIN
	78	Mark PATTERSON	M	M40-44	16	11:00:50	1:18:14	0:02:53	5:40:38	0:05:10	3:53:53	Unknown	FIN
	79	Bart KUIJTEN	M	M35-39	13	11:01:14	1:10:48	0:09:35	5:55:13	0:02:55	3:42:41	Unknown	FIN
	80	Gareth HUGHES	M	M25-29	9	11:01:44	1:25:34	0:06:16	5:43:31	0:04:01	3:42:21	Unknown	FIN
	81	Andrew NAYLOR	M	M40-44	17	11:04:18	1:17:14	0:04:02	5:43:53	0:01:20	3:57:47	Unknown	FIN
	82	Sophie BUBB	F	F30-34	1	11:04:28	1:10:46	0:05:40	6:02:31	0:02:41	3:42:48	Unknown	FIN
	83	Karen WATKINS	F	F40-44	1	11:05:40	1:09:46	0:06:30	5:41:38	0:02:56	4:04:48	Unknown	FIN
	84	Jamie HENDRIE	M	M35-39	14	11:06:51	1:21:42	0:06:39	5:52:22	0:03:05	3:43:01	Unknown	FIN
	85	Rory HOPCRAFT	M	M25-29	10	11:08:27	1:04:06	0:03:33	5:52:24	0:03:44	4:04:39	Unknown	FIN
	86	Chris SPENCER	M	M30-34	11	11:08:34	1:16:24	0:03:55	5:45:37	0:03:16	3:59:22	Unknown	FIN
	87	Andrew BANFIELD	M	M30-34	12	11:08:39	1:04:16	0:03:52	5:37:07	0:02:35	4:20:47	Unknown	FIN
	88	Steven FITZJOHN	M	M50-54	4	11:08:44	1:17:12	0:04:16	5:50:54	0:02:39	3:53:42	Unknown	FIN
	89	Kylie MANSFIELD	F	F35-39	1	11:11:04	1:00:15	0:03:48	6:00:14	0:04:27	4:02:18	Unknown	FIN
	90	Evan DAVIES	M	M55-59	2	11:11:14	1:14:11	0:06:24	5:46:06	0:04:15	4:00:17	Unknown	FIN
	91	Michael JONES	M	M40-44	18	11:11:31	1:19:38	0:03:48	5:59:52	0:02:35	3:45:36	Unknown	FIN
	92	David JONES	M	M35-39	15	11:12:08	1:23:30	0:05:53	5:52:56	0:02:30	3:47:18	Unknown	FIN
	93	Stuart FOSTER	M	M45-49	12	11:12:38	1:21:11	0:06:29	5:48:34	0:05:20	3:51:01	Unknown	FIN
	94	Simon MACVICKER	M	M50-54	5	11:14:11	1:19:31	0:04:13	5:55:21	0:02:58	3:52:05	Unknown	FIN
	95	Andrew SKIGGS	M	M35-39	16	11:14:46	1:17:06	0:10:58	5:36:45	0:03:10	4:06:45	Unknown	FIN
	96	Hannah Katy PEEL	F	F30-34	2	11:14:49	1:18:29	0:03:47	6:09:29	0:01:38	3:41:24	Unknown	FIN
	97	Helene ROSSITER	F	F35-39	2	11:15:28	1:13:24	0:05:35	6:01:33	0:02:16	3:52:39	Unknown	FIN
	98	Holly GAMBLE	F	F18-24	1	11:15:41	1:07:36	0:04:03	6:10:59	0:03:50	3:49:11	Unknown	FIN
	99	Mike JAFFE	M	M50-54	6	11:16:20	1:19:47	0:09:45	6:01:16	0:02:54	3:42:36	Unknown	FIN
	100	Mike HANNAY	M	M50-54	7	11:16:40	1:20:26	0:07:17	5:44:12	0:03:14	4:01:28	Unknown	FIN
	101	Mark WILLS	M	M35-39	17	11:17:16	1:16:01	0:05:24	5:46:58	0:02:39	4:06:13	Unknown	FIN
	102	LINDA BLAKELY	F	F40-44	2	11:17:47	1:13:13	0:05:02	6:10:39	0:01:39	3:47:12	Unknown	FIN
	103	Barry GARDENER	M	M30-34	13	11:18:06	1:26:35	0:05:05	5:51:32	0:01:39	3:53:14	Unknown	FIN
	104	Lee SPOOR	M	M35-39	18	11:19:44	1:20:29	0:03:58	5:57:58	0:03:11	3:54:06	Unknown	FIN
	105	Mark MCLEAVERY	M	M40-44	19	11:20:51	1:27:53	0:12:10	5:50:13	0:05:33	3:45:00	Unknown	FIN
	106	James GRAHAM	M	M50-54	8	11:21:17	1:24:16	0:07:31	5:55:13	0:03:10	3:51:04	Unknown	FIN
	107	Paul BENNINGTON	M	M40-44	20	11:21:37	1:08:04	0:03:53	5:42:22	0:03:47	4:23:29	Unknown	FIN
	108	Andrew KEETLEY	M	M50-54	9	11:22:09	1:14:13	0:06:40	6:05:22	0:01:41	3:54:10	Unknown	FIN
	109	Joel CLEWETT	M	M30-34	14	11:22:11	1:20:21	0:12:11	5:51:20	0:05:47	3:52:30	Unknown	FIN
	110	John MARRIOTT	M	M50-54	10	11:22:22	1:10:19	0:05:59	6:02:11	0:02:27	4:01:25	Unknown	FIN
	111	Darren BIRD	M	M35-39	19	11:22:29	1:37:32	0:07:00	5:53:23	0:03:12	3:41:20	Unknown	FIN
	112	Tomas RACEK	M	M30-34	15	11:23:09	1:12:08	0:05:34	5:49:12	0:02:31	4:13:42	Unknown	FIN
	113	Paul ROSE	M	M50-54	11	11:23:17	1:31:44	0:06:28	5:57:36	0:03:03	3:44:23	Unknown	FIN
	114	John PHILLIPS	M	M45-49	13	11:24:26	1:18:38	0:07:12	5:51:11	0:04:25	4:02:59	Unknown	FIN
	115	Alister TRENDELL	M	M45-49	14	11:24:33	1:10:27	0:08:39	5:05:52	0:02:42	4:56:52	Unknown	FIN
	116	Sarah LEAKEY	F	F30-34	3	11:24:37	1:13:32	0:05:42	6:18:16	0:02:43	3:44:23	Unknown	FIN
	117	Richard ROBINSON	M	M25-29	11	11:25:44	1:11:10	0:05:29	6:04:59	0:02:43	4:01:23	Unknown	FIN
	118	David TOWEY	M	M35-39	20	11:26:31	1:11:11	0:05:07	6:00:54	0:06:16	4:03:01	Unknown	FIN
	119	Richard GOBEY	M	M35-39	21	11:26:39	1:21:42	0:06:17	5:56:15	0:04:11	3:58:13	Unknown	FIN
	120	Georgina ROLT	F	F35-39	3	11:27:38	1:06:23	0:04:01	6:14:04	0:03:12	3:59:56	Unknown	FIN
	121	Valerie O'REGAN	F	F35-39	4	11:28:40	1:06:29	0:05:21	6:17:17	0:02:42	3:56:49	Unknown	FIN
	122	Mark WILSON	M	M40-44	21	11:29:09	1:19:37	0:09:41	6:08:20	0:05:35	3:45:54	Unknown	FIN
	123	Michael HAWKES	M	M40-44	22	11:29:49	1:24:59	0:07:13	5:44:55	0:02:01	4:10:39	Unknown	FIN
	124	Stuart MARTIN	M	M55-59	3	11:30:16	1:21:05	0:08:46	5:45:00	0:04:57	4:10:27	Unknown	FIN
	125	Paul MARTIN	M	M50-54	12	11:31:49	1:17:20	0:09:00	5:48:44	0:06:18	4:10:27	Unknown	FIN
	126	Justin LITTLECHILD	M	M45-49	15	11:32:01	1:06:12	0:03:53	5:53:07	0:03:19	4:25:29	Unknown	FIN
	127	James HEMBROW	M	M35-39	22	11:33:30	1:23:18	0:06:56	6:05:26	0:05:42	3:52:05	Unknown	FIN
	128	Andrew ROBINSON	M	M50-54	13	11:34:19	1:20:08	0:09:13	6:06:55	0:06:54	3:51:06	Unknown	FIN
	129	Heather DENNIS	F	F40-44	3	11:35:56	1:12:44	0:05:37	5:53:25	0:04:54	4:19:13	Unknown	FIN
	130	Cerys THOMAS	M	M35-39	23	11:36:22	1:10:10	0:06:02	6:02:15	0:01:56	4:15:57	Unknown	FIN
	131	Matthew GRIFFITHS	M	M40-44	23	11:36:29	1:20:26	0:05:44	6:07:28	0:02:58	3:59:52	Unknown	FIN
	132	Stephen CHUBB	M	M40-44	24	11:36:51	1:09:09	0:03:53	5:44:08	0:05:27	4:34:13	Unknown	FIN
	133	Paul JENKINSON	M	M45-49	16	11:37:09	1:16:38	0:04:05	6:10:12	0:01:04	4:05:08	Unknown	FIN
	134	Shona BATHGATE	F	F45-49	1	11:38:10	1:16:21	0:04:39	6:17:13	0:03:37	3:56:18	Unknown	FIN
	135	Andrew CARTER	M	M30-34	16	11:38:49	1:10:30	0:10:09	6:08:34	0:04:56	4:04:38	Unknown	FIN
	136	Tim COCHRANE	M	M40-44	25	11:38:52	1:27:38	0:05:24	6:05:28	0:03:29	3:56:50	Unknown	FIN
	137	Lauren MORRIS	F	F35-39	5	11:39:07	1:13:28	0:05:08	5:57:55	0:04:28	4:18:07	Unknown	FIN
	138	Rick WYATT	M	M35-39	24	11:39:43	1:19:04	0:08:35	6:15:57	0:06:43	3:49:24	Unknown	FIN
	139	Keith CHANT	M	M45-49	17	11:39:59	1:20:41	0:09:44	5:49:35	0:05:46	4:14:11	Unknown	FIN
	140	Simon PRATT	M	M45-49	18	11:40:35	1:26:18	0:09:54	5:59:20	0:06:58	3:58:03	Unknown	FIN
	141	Paul WILLS	M	M35-39	25	11:41:10	1:31:34	0:08:26	5:41:38	0:04:03	4:15:28	Unknown	FIN
	142	Martin BALL	M	M35-39	26	11:41:48	1:06:24	0:03:44	6:06:57	0:02:05	4:22:36	Unknown	FIN
	143	Joe TARRAGANO	M	M45-49	19	11:42:38	1:25:33	0:06:36	6:16:17	0:02:22	3:51:48	Unknown	FIN
	144	Glenn FENWICK	M	M50-54	14	11:42:43	1:20:48	0:08:09	6:14:33	0:05:32	3:53:38	Unknown	FIN
	145	Alex WILLIS	M	M18-24	2	11:42:47	1:09:46	0:05:26	5:53:48	0:04:23	4:29:22	Unknown	FIN
	146	Graham SHERWIN	M	M30-34	17	11:43:00	1:27:25	0:07:03	6:23:21	0:05:19	3:39:50	Unknown	FIN
	147	Karen BRIDGE	F	F45-49	2	11:43:45	1:20:45	0:06:58	6:18:37	0:02:25	3:54:59	Unknown	FIN
	148	Mike SUTLIFF	M	M40-44	26	11:44:11	1:14:14	0:07:13	6:07:41	0:03:13	4:11:48	Unknown	FIN
	149	Barry HARRISS	M	M50-54	15	11:44:25	1:32:04	0:06:04	5:41:59	0:03:40	4:20:36	Unknown	FIN
	150	Chris CHAPMAN	M	M35-39	27	11:44:46	1:20:00	0:07:23	6:25:06	0:03:54	3:48:21	Unknown	FIN
	151	Roland SHAW	M	M55-59	4	11:45:48	1:19:17	0:04:00	5:58:16	0:02:27	4:21:46	Unknown	FIN
	152	Mhairi Wear	F	F40-44	4	11:46:02	1:20:09	0:03:56	6:15:23	0:03:10	4:03:22	Unknown	FIN
	153	John BUDWORTH	M	M45-49	20	11:46:24	1:16:25	0:08:36	6:17:40	0:03:31	4:00:10	Unknown	FIN
	154	Chris JONES	M	M35-39	28	11:46:33	1:36:06	0:09:04	5:58:06	0:04:27	3:58:49	Unknown	FIN
	155	Gary JANE	M	M45-49	21	11:46:55	1:10:16	0:09:28	6:20:03	0:04:20	4:02:46	Unknown	FIN
	156	Richard BRUCE	M	M35-39	29	11:47:05	1:05:18	0:05:13	6:19:18	0:06:07	4:11:08	Unknown	FIN
	157	Jon PHELPS	M	M30-34	18	11:47:49	1:10:55	0:04:44	6:24:12	0:01:49	4:06:07	Unknown	FIN
	158	Darren MCMULLAN	M	M45-49	22	11:47:51	1:20:01	0:13:42	5:58:21	0:07:45	4:08:00	Unknown	FIN
	159	Martin RULE	M	M40-44	27	11:48:19	1:28:10	0:12:03	6:36:20	0:07:39	3:24:05	Unknown	FIN
	160	Nick WALROND	M	M40-44	28	11:48:37	1:22:08	0:08:05	5:54:19	0:03:14	4:20:49	Unknown	FIN
	161	Pavle DIMITRIJEVIC	M	M18-24	3	11:48:40	1:01:35	0:08:19	6:16:47	0:05:41	4:16:16	Unknown	FIN
	162	Linda DE MAX	F	F45-49	3	11:49:06	1:16:20	0:09:47	6:37:03	0:06:54	3:39:00	Unknown	FIN
	163	Graeme BEESON	M	M50-54	16	11:49:48	1:25:32	0:08:52	5:48:41	0:06:52	4:19:48	Unknown	FIN
	164	Paul CORDEROY	M	M45-49	23	11:50:16	1:41:17	0:08:18	6:04:01	0:01:25	3:55:13	Unknown	FIN
	165	Gary WEBBER	M	M45-49	24	11:51:14	1:29:52	0:10:25	5:55:46	0:03:40	4:11:28	Unknown	FIN
	166	Gavin SANDERCOCK	M	M40-44	29	11:51:26	1:16:12	0:08:40	6:04:26	0:03:10	4:18:56	Unknown	FIN
	167	Eugene LEONARD	M	M30-34	19	11:52:34	1:10:24	0:06:08	6:41:06	0:02:38	3:52:15	Unknown	FIN
	168	Brenton LEE	M	M40-44	30	11:53:24	1:20:59	0:07:42	6:18:39	0:05:48	4:00:16	Unknown	FIN
	169	Mark SOUTHERN	M	M35-39	30	11:54:04	1:27:49	0:06:36	6:05:33	0:03:16	4:10:47	Unknown	FIN
	170	Ivan LEVERETT	M	M35-39	31	11:54:12	1:36:18	0:07:06	5:41:58	0:03:27	4:25:21	Unknown	FIN
	171	Simon MARKS	M	M35-39	32	11:54:32	1:29:10	0:09:23	6:07:41	0:01:54	4:06:21	Unknown	FIN
	172	Sarah MYFORD	F	F50-54	1	11:54:36	1:13:26	0:08:00	6:25:02	0:05:55	4:02:11	Unknown	FIN
	173	Derek SCOTT	M	M45-49	25	11:55:09	1:10:55	0:09:16	6:09:41	0:06:50	4:18:26	Unknown	FIN
	174	Mark STAFFORD	M	M35-39	33	11:56:22	1:10:18	0:06:12	6:01:17	0:06:05	4:32:27	Unknown	FIN
	175	Craig MCNEIL	M	M50-54	17	11:56:53	1:16:16	0:15:16	6:20:54	0:08:22	3:56:03	Unknown	FIN
	176	Steve MACHIN	M	M30-34	20	11:57:48	1:16:04	0:09:55	6:34:43	0:04:58	3:52:06	Unknown	FIN
	177	Darren LOVELOCK	M	M45-49	26	11:58:18	1:15:47	0:11:10	6:01:35	0:09:52	4:19:52	Unknown	FIN
	178	Christopher HALL	M	M40-44	31	11:58:22	1:26:30	0:09:17	6:28:43	0:04:10	3:49:40	Unknown	FIN
	179	Robbie NUTT	M	M25-29	12	11:58:24	1:19:52	0:07:58	6:28:59	0:05:19	3:56:14	Unknown	FIN
	180	Anya STARLING	F	F30-34	4	11:58:25	1:12:21	0:04:05	6:35:34	0:02:08	4:04:14	Unknown	FIN
	181	Mark JACOBS	M	M30-34	21	11:58:47	1:12:21	0:06:51	5:54:23	0:03:28	4:41:42	Unknown	FIN
	182	Emily SCOTT	F	F25-29	1	11:58:57	1:22:51	0:06:35	6:24:31	0:02:54	4:02:03	Unknown	FIN
	183	John E HUDSPITH	M	M55-59	5	11:58:58	1:50:42	0:11:05	6:01:17	0:05:41	3:50:11	Unknown	FIN
	184	Rob SUTHERLAND	M	M50-54	18	11:59:01	1:22:46	0:09:49	6:21:45	0:05:13	3:59:26	Unknown	FIN
	185	Jason BRILEY	M	M40-44	32	11:59:24	1:32:31	0:06:31	5:55:25	0:07:37	4:17:18	Unknown	FIN
	186	Carl LEWIS	M	M45-49	27	12:00:09	1:19:12	0:09:48	5:58:07	0:04:38	4:28:23	Unknown	FIN
	187	James FERRIS	M	M40-44	33	12:01:24	1:36:21	0:04:10	6:25:57	0:03:02	3:51:54	Unknown	FIN
	188	Nick CUMMING-BRUCE	M	M25-29	13	12:02:43	1:20:03	0:09:34	6:26:21	0:07:57	3:58:45	Unknown	FIN
	189	Ian JOYCE	M	M50-54	19	12:03:20	1:26:24	0:08:13	6:03:39	0:04:38	4:20:24	Unknown	FIN
	190	James LEIGH	M	M25-29	14	12:04:55	1:14:55	0:14:08	6:50:25	0:07:19	3:38:06	Unknown	FIN
	191	Stuart NICHOLAS	M	M25-29	15	12:06:00	1:23:21	0:04:14	6:05:23	0:05:30	4:27:30	Unknown	FIN
	192	Philip SUTTON	M	M35-39	34	12:06:27	1:19:00	0:10:33	5:49:31	0:04:59	4:42:22	Unknown	FIN
	193	Jill KERR	F	F45-49	4	12:06:30	1:17:49	0:04:04	6:38:31	0:06:37	3:59:27	Unknown	FIN
	194	Richard ELLERA	M	M30-34	22	12:06:46	1:16:31	0:07:07	6:30:50	0:03:29	4:08:48	Unknown	FIN
	195	Lee FRENCH	M	M40-44	34	12:08:14	1:22:13	0:08:04	6:11:28	0:03:44	4:22:43	Unknown	FIN
	196	Stuart KYNASTON	M	M30-34	23	12:10:19	1:18:42	0:03:55	5:57:51	0:02:08	4:47:40	Unknown	FIN
	197	Charlotte JENKINSON	F	F25-29	2	12:10:27	1:14:49	0:06:24	6:47:40	0:02:40	3:58:51	Unknown	FIN
	198	Stephen PATE	M	M40-44	35	12:10:57	1:33:30	0:07:43	6:12:59	0:05:24	4:11:18	Unknown	FIN
	199	Terhi RANTA-OJALA	F	F40-44	5	12:11:14	1:16:41	0:04:11	6:12:01	0:03:18	4:35:01	Unknown	FIN
	200	Matt YORKE	M	M40-44	36	12:11:26	1:27:33	0:11:24	6:25:36	0:06:58	3:59:53	Unknown	FIN
	201	Robert MOORE	M	M25-29	16	12:11:33	1:07:07	0:04:08	6:33:38	0:07:17	4:19:21	Unknown	FIN
	202	John WEBB	M	M25-29	17	12:12:47	1:20:17	0:10:00	6:16:33	0:05:31	4:20:24	Unknown	FIN
	203	George BURNS	M	M55-59	6	12:13:26	1:20:26	0:07:32	6:29:39	0:03:15	4:12:33	Unknown	FIN
	204	Paul CHAPMAN	M	M35-39	35	12:13:55	1:18:00	0:03:42	6:39:22	0:01:49	4:11:00	Unknown	FIN
	205	Lee LAWRENCE	M	M40-44	37	12:14:35	1:14:24	0:06:56	6:01:08	0:04:50	4:47:14	Unknown	FIN
	206	Steve BOTTOMLEY	M	M45-49	28	12:15:04	1:21:27	0:06:03	6:25:16	0:03:47	4:18:29	Unknown	FIN
	207	Anna MURAWSKA	F	F30-34	5	12:15:31	1:15:15	0:08:23	6:22:43	0:05:42	4:23:26	Unknown	FIN
	208	Aidan DUNN	M	M40-44	38	12:15:47	1:11:09	0:06:38	6:20:31	0:03:45	4:33:42	Unknown	FIN
	209	Stuart PAYNE	M	M50-54	20	12:15:53	1:37:07	0:09:26	5:54:54	0:03:38	4:30:46	Unknown	FIN
	210	Anthony J JUCKES	M	M55-59	7	12:15:55	1:25:56	0:08:57	6:08:09	0:07:52	4:25:00	Unknown	FIN
	211	Sean MCGINTY	M	M50-54	21	12:16:52	1:16:11	0:10:31	6:16:45	0:03:59	4:29:25	Unknown	FIN
	212	Ian HACON	M	M45-49	29	12:18:20	1:32:11	0:05:43	6:17:46	0:03:19	4:19:19	Unknown	FIN
	213	Matthew CHOWN	M	M30-34	24	12:18:44	1:09:46	0:04:08	6:24:43	0:05:17	4:34:48	Unknown	FIN
	214	Paul WELCH	M	M45-49	30	12:18:50	1:44:47	0:11:54	6:11:19	0:11:08	3:59:39	Unknown	FIN
	215	Rob WEBB	M	M35-39	36	12:19:17	1:24:51	0:08:35	6:09:30	0:02:36	4:33:42	Unknown	FIN
	216	Martin WITTY	M	M45-49	31	12:20:48	1:29:18	0:13:53	6:18:30	0:07:30	4:11:35	Unknown	FIN
	217	Kelly THOMAS	F	F30-34	6	12:22:07	1:18:12	0:05:34	7:02:47	0:02:17	3:53:14	Unknown	FIN
	218	Fiona SCOTTER	F	F40-44	6	12:22:47	1:10:18	0:04:06	6:13:20	0:03:59	4:51:02	Unknown	FIN
	219	Simon FLETCHER	M	M45-49	32	12:22:50	1:13:33	0:08:03	6:37:18	0:06:04	4:17:51	Unknown	FIN
	220	Gareth WAGLAND	M	M50-54	22	12:23:16	1:25:15	0:08:22	6:10:51	0:03:41	4:35:05	Unknown	FIN
	221	Daniel MERRIMAN	M	M25-29	18	12:24:43	1:25:34	0:05:08	6:26:57	0:03:34	4:23:29	Unknown	FIN
	222	DAVID TEAGUE	M	M30-34	25	12:25:24	1:21:37	0:05:33	6:09:36	0:04:30	4:44:06	Unknown	FIN
	223	James ENGLAND	M	M25-29	19	12:25:43	1:16:27	0:07:41	6:17:42	0:04:09	4:39:43	Unknown	FIN
	224	Peter Kimber	M	M40-44	39	12:25:57	1:20:23	0:07:13	5:58:00	0:04:21	4:55:59	Unknown	FIN
	225	Shawn HOLDEN	M	M35-39	37	12:26:03	1:25:14	0:12:30	6:25:28	0:12:38	4:10:12	Unknown	FIN
	226	Tom BRUCE	M	M35-39	38	12:26:18	1:20:11	0:09:00	6:36:56	0:04:43	4:15:26	Unknown	FIN
	227	Andy SCOTT	M	M50-54	23	12:26:28	1:21:32	0:08:49	6:07:55	0:04:15	4:43:54	Unknown	FIN
	228	Sue VAN HUYSSTEEN	F	F50-54	2	12:26:31	1:28:17	0:10:52	6:47:19	0:04:26	3:55:35	Unknown	FIN
	229	George SHIPMAN	M	M50-54	24	12:27:01	1:27:31	0:10:11	5:51:22	0:07:00	4:50:56	Unknown	FIN
	230	Angus MONTEITH	M	M35-39	39	12:27:58	1:40:11	0:11:00	6:12:20	0:05:02	4:19:24	Unknown	FIN
	231	Martin COLEY	M	M45-49	33	12:28:17	1:33:29	0:09:24	6:27:16	0:07:46	4:10:21	Unknown	FIN
	232	Gary WOLSTENCROFT	M	M40-44	40	12:28:22	1:16:39	0:06:37	6:40:56	0:06:52	4:17:17	Unknown	FIN
	233	TRACY MAKIN	F	F45-49	5	12:28:33	1:44:06	0:09:28	6:11:41	0:05:34	4:17:43	Unknown	FIN
	234	Mike BARTLETT	M	M40-44	41	12:29:28	1:21:47	0:07:29	6:10:58	0:04:26	4:44:46	Unknown	FIN
	235	Danny THOMAS	M	M35-39	40	12:29:30	1:20:34	0:06:34	6:19:58	0:04:04	4:38:19	Unknown	FIN
	236	Corinna O'CONNOR	F	F40-44	7	12:29:37	1:14:31	0:06:27	6:29:11	0:05:05	4:34:21	Unknown	FIN
	237	Pete HANNAH	M	M40-44	42	12:31:40	1:24:04	0:07:54	6:23:43	0:05:05	4:30:52	Unknown	FIN
	238	Christina TEAGUE	F	F25-29	3	12:34:08	1:22:53	0:07:26	6:27:04	0:05:34	4:31:10	Unknown	FIN
	239	Andrew DICK	M	M50-54	25	12:34:51	1:27:23	0:14:29	6:35:10	0:10:37	4:07:11	Unknown	FIN
	240	Daniel BOWLES	M	M25-29	20	12:36:01	1:13:14	0:07:12	6:39:36	0:05:00	4:30:58	Unknown	FIN
	241	Martin HOPWOOD	M	M55-59	8	12:36:02	1:16:56	0:04:35	6:38:44	0:06:43	4:29:02	Unknown	FIN
	242	Chris ABSOLOM	M	M55-59	9	12:36:40	1:16:20	0:03:56	6:06:53	0:04:46	5:04:43	Unknown	FIN
	243	Anthony DE REYA	M	M45-49	34	12:37:36	1:20:19	0:08:29	6:45:20	0:02:18	4:21:08	Unknown	FIN
	244	Alex HELEN	M	M25-29	21	12:38:18	1:18:06	0:07:39	6:40:08	0:04:26	4:27:57	Unknown	FIN
	245	Simon NICHOLL	M	M40-44	43	12:38:30	1:48:51	0:08:32	6:38:12	0:02:39	4:00:13	Unknown	FIN
	246	Lynn EMMETT	F	F45-49	6	12:38:54	1:39:38	0:09:56	6:48:32	0:02:46	3:58:01	Unknown	FIN
	247	Sam BURGESS	M	M35-39	41	12:39:00	1:19:11	0:08:32	6:26:48	0:07:34	4:36:52	Unknown	FIN
	248	Charlotte BLUM	F	F30-34	7	12:39:28	1:11:49	0:08:41	7:04:13	0:06:33	4:08:10	Unknown	FIN
	249	Owen RODGERS	M	M45-49	35	12:41:46	1:21:18	0:07:03	6:33:34	0:04:33	4:35:17	Unknown	FIN
	250	Noel CAFFERTY	M	M40-44	44	12:41:48	1:30:07	0:14:58	6:28:50	0:06:13	4:21:38	Unknown	FIN
	251	BRYAN PARK	M	M40-44	45	12:43:19	1:20:58	0:08:07	6:35:23	0:07:55	4:30:55	Unknown	FIN
	252	Barry FARQUHAR	M	M40-44	46	12:43:20	1:25:40	0:10:02	6:24:23	0:06:51	4:36:22	Unknown	FIN
	253	Phil ENGLAND	M	M50-54	26	12:43:39	1:19:04	0:09:45	6:38:00	0:06:45	4:30:03	Unknown	FIN
	254	Lucy LOUGHER	F	F30-34	8	12:44:48	1:12:46	0:10:00	6:43:24	0:05:03	4:33:33	Unknown	FIN
	255	Nicholas Adams	M	M40-44	47	12:46:41	1:36:22	0:10:15	6:27:49	0:04:49	4:27:24	Unknown	FIN
	256	Roger DAVIS	M	M45-49	36	12:46:43	1:47:13	0:11:51	7:37:54	0:08:34	3:01:08	Unknown	FIN
	257	Jonathan BRITT	M	M45-49	37	12:46:54	1:26:08	0:16:14	6:32:34	0:07:00	4:24:55	Unknown	FIN
	258	Jessica BASS	F	F35-39	6	12:48:41	1:20:22	0:04:00	6:53:14	0:02:59	4:28:04	Unknown	FIN
	259	Katarina ZAJACOVA	F	F35-39	7	12:48:45	1:24:40	0:07:24	6:48:34	0:05:22	4:22:42	Unknown	FIN
	260	Roger MEREDITH	M	M50-54	27	12:50:47	1:09:54	0:04:07	7:02:06	0:09:41	4:24:57	Unknown	FIN
	261	Brian KEMP	M	M50-54	28	12:51:10	1:21:33	0:10:33	6:20:56	0:10:51	4:47:14	Unknown	FIN
	262	Andrew TURNER	M	M30-34	26	12:51:36	1:15:02	0:10:04	6:37:07	0:07:23	4:41:58	Unknown	FIN
	263	Simon KING	M	M50-54	29	12:52:06	1:24:26	0:10:33	6:56:13	0:02:45	4:18:08	Unknown	FIN
	264	Matthew PYE	M	M50-54	30	12:52:32	1:16:21	0:04:18	6:02:23	0:02:41	5:26:47	Unknown	FIN
	265	Gavin KEWLEY	M	M60-64	1	12:52:36	1:19:36	0:04:15	6:22:53	0:02:32	5:03:18	Unknown	FIN
	266	Martin BUSHER	M	M45-49	38	12:52:44					12:52:44	Unknown	FIN
	267	Robert CONSTABLE	M	M18-24	4	12:52:47	1:16:37	0:09:20	7:17:41	0:04:08	4:04:59	Unknown	FIN
	268	Conor ENRIGHT	M	M35-39	42	12:53:02	1:28:06	0:09:32	6:52:13	0:00:20	4:22:49	Unknown	FIN
	269	Fergus ALLERTON	M	M35-39	43	12:53:50	1:09:52	0:04:17	6:10:06	0:04:56	5:24:38	Unknown	FIN
	270	Rob PAYNE	M	M45-49	39	12:53:53	1:14:15	0:12:22	6:25:19	0:14:33	4:47:23	Unknown	FIN
	271	Sarah Kelman	F	F40-44	8	12:54:45	1:22:29	0:09:57	6:12:16	0:05:18	5:04:43	Unknown	FIN
	272	Michael LOIACONO	M	M40-44	48	12:55:22	1:05:28	0:04:40	7:18:53	0:03:59	4:22:20	Unknown	FIN
	273	Katy TOMS	F	F40-44	9	12:55:36	1:30:07	0:10:11	6:28:43	0:05:36	4:40:56	Unknown	FIN
	274	Alan WHEELER	M	M50-54	31	12:56:30	1:25:40	0:08:49	6:32:03	0:07:06	4:42:50	Unknown	FIN
	275	Kieron FORD	M	M30-34	27	12:56:35	1:06:24	0:03:52	7:23:23	0:04:54	4:18:00	Unknown	FIN
	276	Tim MILES	M	M40-44	49	12:57:45	1:14:56	0:05:09	6:51:39	0:02:52	4:43:08	Unknown	FIN
	277	Chris HALL	M	M30-34	28	12:58:16	1:21:14	0:10:42	6:49:43	0:06:59	4:29:36	Unknown	FIN
	278	David BOLGER	M	M35-39	44	12:59:11	1:21:23	0:12:50	6:30:44	0:08:52	4:45:19	Unknown	FIN
	279	Tracey HAYWARD	F	F45-49	7	13:03:49	1:26:17	0:07:38	7:00:32	0:03:47	4:25:32	Unknown	FIN
	280	Mark MCKENNA	M	M35-39	45	13:03:50	1:19:33	0:08:50	6:15:22	0:08:41	5:11:22	Unknown	FIN
	281	Matthew RILES	M	M30-34	29	13:04:47	1:41:37	0:08:14	6:13:38	0:03:43	4:57:34	Unknown	FIN
	282	Neil MATTINSON	M	M45-49	40	13:07:10	1:24:06	0:07:22	6:28:26	0:06:15	5:01:00	Unknown	FIN
	283	Robert KILSBY	M	M40-44	50	13:08:08	1:09:25	0:04:22	6:23:33	0:09:20	5:21:27	Unknown	FIN
	284	Stuart EVANS	M	M45-49	41	13:10:42	1:10:00	0:09:12	6:20:30	0:07:21	5:23:38	Unknown	FIN
	285	Alan MCMONAGLE	M	M45-49	42	13:11:16	1:24:11	0:07:15	6:36:12	0:04:35	4:59:02	Unknown	FIN
	286	Peter WORLIN	M	M45-49	43	13:12:03	1:22:08	0:04:08	6:38:32	0:08:24	4:58:49	Unknown	FIN
	287	Heather PEARCE	F	F30-34	9	13:12:54	1:05:21	0:09:42	7:31:15	0:03:52	4:22:41	Unknown	FIN
	288	Dean HATTON	M	M45-49	44	13:15:36	1:21:17	0:11:08	6:16:33	0:10:16	5:16:20	Unknown	FIN
	289	Jamie BOSWELL	M	M30-34	30	13:16:24	1:43:28	0:11:59	6:55:36	0:07:48	4:17:32	Unknown	FIN
	290	Paul GRIFFITHS	M	M40-44	51	13:16:25	1:42:40	0:10:37	7:02:27	0:06:25	4:14:14	Unknown	FIN
	291	Christopher KEARNS	M	M45-49	45	13:16:49	1:07:29	0:08:28	6:39:00	0:06:21	5:15:28	Unknown	FIN
	292	Jon CARTWRIGHT	M	M40-44	52	13:19:50	1:20:21	0:10:16	6:41:22	0:05:44	5:02:05	Unknown	FIN
	293	Donal BREEN	M	M45-49	46	13:20:14	1:20:54	0:14:08	7:06:55	0:04:52	4:33:23	Unknown	FIN
	294	Andrew WILLIAMS	M	M55-59	10	13:20:22	1:38:22	0:11:03	6:52:42	0:10:16	4:27:57	Unknown	FIN
	295	Ben RACKLEY	M	M35-39	46	13:21:10	1:19:57	0:06:37	6:52:13	0:03:12	4:59:09	Unknown	FIN
	296	Alec COUGHTREY	M	M45-49	47	13:21:19	1:36:01	0:09:48	7:17:09	0:02:37	4:15:41	Unknown	FIN
	297	Mark SUMMERFIELD	M	M60-64	2	13:23:47	1:10:58	0:11:47	6:41:25	0:09:43	5:09:52	Unknown	FIN
	298	Arnaud SAVIO	M	MPT5	1	13:24:48	1:15:06	0:03:58	7:11:35	0:10:07	4:44:00	Unknown	FIN
	299	Natasha SEVANT	F	F40-44	10	13:24:53	1:28:49	0:14:11	6:43:39	0:11:10	4:47:02	Unknown	FIN
	300	Phillip HENWOOD	M	M40-44	53	13:25:30	1:26:12	0:04:10	6:37:48	0:03:36	5:13:43	Unknown	FIN
	301	David TRUMAN	M	M55-59	11	13:26:24	1:33:05	0:14:37	6:54:34	0:05:37	4:38:28	Unknown	FIN
	302	Dave MAINSTONE	M	M40-44	54	13:26:58	1:37:03	0:14:06	6:13:07	0:05:57	5:16:42	Unknown	FIN
	303	Adriano ANTONIOTTI	M	M35-39	47	13:28:45	1:27:42	0:12:06	6:44:30	0:05:03	4:59:22	Unknown	FIN
	304	Flora NOBLE	F	F25-29	4	13:28:54	1:21:56	0:11:52	6:47:53	0:08:18	4:58:52	Unknown	FIN
	305	John KRAUSE	M	M55-59	12	13:28:59	1:39:59	0:16:36	7:23:00	0:04:54	4:04:27	Unknown	FIN
	306	Lou DUTCH	F	F35-39	8	13:29:20	1:26:36	0:14:28	6:23:37	0:07:01	5:17:36	Unknown	FIN
	307	Tom PAUNCEFORT	M	M30-34	31	13:30:06	1:25:38	0:19:23	7:06:00	0:05:39	4:33:25	Unknown	FIN
	308	Luke WATSON	M	M30-34	32	13:31:38	1:25:56	0:14:23	6:51:11	0:06:28	4:53:37	Unknown	FIN
	309	Clive HAWKINS	M	M55-59	13	13:32:00	1:37:16	0:12:20	6:29:30	0:06:56	5:05:55	Unknown	FIN
	310	John BUCHANAN	M	M35-39	48	13:32:23	1:20:12	0:15:23	6:53:56	0:11:45	4:51:06	Unknown	FIN
	311	Nigel STOCK	M	M45-49	48	13:33:31	1:33:04	0:09:36	6:47:37	0:06:19	4:56:53	Unknown	FIN
	312	Mike NOAD	M	M40-44	55	13:34:55	1:12:57	0:08:53	6:30:18	0:10:25	5:32:19	Unknown	FIN
	313	Sean BIRD	M	M35-39	49	13:37:15	1:38:35	0:08:57	6:33:23	0:05:59	5:10:19	Unknown	FIN
	314	Simon WEATHERALL	M	M30-34	33	13:37:36	1:36:44	0:21:57	6:28:19	0:17:49	4:52:45	Unknown	FIN
	315	James CAUSER	M	M40-44	56	13:37:50	1:10:20	0:11:48	6:35:19	0:12:24	5:27:57	Unknown	FIN
	316	Annie-Rose WAIT	F	F18-24	2	13:38:00	1:20:18	0:09:49	7:13:59	0:07:49	4:46:03	Unknown	FIN
	317	Robert HALL	M	M35-39	50	13:38:20	1:20:39	0:08:35	6:44:37	0:12:00	5:12:27	Unknown	FIN
	318	Alexander HEBDON	M	M50-54	32	13:40:23	1:21:35	0:07:29	6:18:32	0:04:50	5:47:56	Unknown	FIN
	319	James DURKAN	M	M30-34	34	13:40:47	1:20:48	0:07:41	7:12:26	0:09:11	4:50:40	Unknown	FIN
	320	Steven FOSTER	M	M45-49	49	13:41:25	1:39:04	0:02:17	7:09:00	0:02:47	4:48:15	Unknown	FIN
	321	Gary EDMONDS	M	M50-54	33	13:44:03	1:37:44	0:14:40	6:46:02	0:07:22	4:58:14	Unknown	FIN
	322	Michael STOLLERY	M	M60-64	3	13:45:51	1:46:05	0:04:05	6:33:12	0:05:34	5:16:53	Unknown	FIN
	323	Steve CLARK	M	M40-44	57	13:45:53	1:19:42	0:10:06	6:31:05	0:09:02	5:35:57	Unknown	FIN
	324	Camilla NIELSEN	F	F35-39	9	13:48:19	1:38:25	0:04:07	6:48:39	0:03:43	5:13:23	Unknown	FIN
	325	Paul GONZALEZ	M	M35-39	51	13:49:42	1:50:04	0:04:08	7:20:11	0:13:53	4:21:25	Unknown	FIN
	326	Kevin ROSSELL	M	M50-54	34	13:50:16	1:20:17	0:10:07	8:23:43	0:11:26	3:44:41	Unknown	FIN
	327	Sarah MAWHINNEY	F	F50-54	3	13:52:41	1:43:04	0:08:43	6:57:33	0:08:45	4:54:34	Unknown	FIN
	328	Andrew MORANDO	M	M45-49	50	13:53:57	1:21:02	0:06:30	6:31:59	0:03:14	5:51:10	Unknown	FIN
	329	Russell BROWN	M	M50-54	35	13:54:32	1:21:08	0:13:41	6:39:48	0:14:11	5:25:41	Unknown	FIN
	330	Hugh PINNER	M	M35-39	52	13:54:33	1:32:44	0:08:53	6:38:21	0:08:51	5:25:42	Unknown	FIN
	331	Colin PUNTON	M	M50-54	36	13:55:13	1:26:10	0:12:11	6:43:18	0:11:45	5:21:46	Unknown	FIN
	332	Anthony DEARDEN	M	M30-34	35	13:55:29	1:28:53	0:11:32	7:09:34	0:07:50	4:57:37	Unknown	FIN
	333	BRENHAN HEATH	M	M40-44	58	13:56:36	1:09:06	0:04:35	6:56:03	0:09:31	5:37:19	Unknown	FIN
	334	Mary SKELCHER	F	F45-49	8	13:56:44	1:26:14	0:12:58	6:54:55	0:05:44	5:16:52	Unknown	FIN
	335	Mark Price JONES	M	M45-49	51	13:57:19	1:43:06	0:04:08	6:37:52	0:08:59	5:23:13	Unknown	FIN
	336	Richard CAUSER	M	M35-39	53	13:59:06	1:25:57	0:16:03	7:23:08	0:08:37	4:45:19	Unknown	FIN
	337	Richard EVANS	M	M50-54	37	13:59:10	1:43:25	0:16:24	7:00:19	0:07:55	4:51:04	Unknown	FIN
	338	Graham LEE	M	M40-44	59	13:59:27	1:29:45	0:14:12	6:56:55	0:08:02	5:10:31	Unknown	FIN
	339	Alice DAINTY	F	F30-34	10	14:01:02	1:46:38	0:11:18	7:15:09	0:07:30	4:40:25	Unknown	FIN
	340	Andrew PILLANS	M	M40-44	60	14:01:06	1:25:33	0:13:02	6:59:42	0:06:46	5:16:02	Unknown	FIN
	341	Andrew STYLES	M	M30-34	36	14:01:21	1:18:41	0:06:56	6:45:26	0:06:21	5:43:56	Unknown	FIN
	342	Dean BRIDGES	M	M40-44	61	14:02:00	1:26:44	0:06:41	6:09:36	0:07:18	6:11:39	Unknown	FIN
	343	Louise HUGHES	F	F40-44	11	14:02:17	1:39:32	0:13:41	7:13:52	0:07:07	4:48:03	Unknown	FIN
	344	Tom BRIGDEN	M	M40-44	62	14:02:22	1:25:19	0:07:59	7:12:43	0:06:37	5:09:43	Unknown	FIN
	345	Paul DALE	M	M55-59	14	14:04:05	1:49:44	0:12:29	6:54:03	0:02:37	5:05:10	Unknown	FIN
	346	Edward JONES	M	M30-34	37	14:04:55	1:34:28	0:10:39	7:17:54	0:08:54	4:52:58	Unknown	FIN
	347	ANNA WARNE	F	F30-34	11	14:07:19	1:14:32	0:10:31	8:03:10	0:05:48	4:33:16	Unknown	FIN
	348	Barbara HACKWORTHY	F	F60-64	1	14:07:45	1:32:00	0:09:28	6:51:07	0:06:29	5:28:39	Unknown	FIN
	349	Gareth EVANS	M	M60-64	4	14:10:32	1:21:18	0:08:56	7:16:30	0:06:28	5:17:17	Unknown	FIN
	350	Tony OLIVER	M	M40-44	63	14:12:02	1:32:33	0:13:35	7:32:26	0:09:03	4:44:22	Unknown	FIN
	351	Claire EDWARDS	F	F50-54	4	14:12:22	1:41:40	0:16:12	6:50:49	0:08:05	5:15:34	Unknown	FIN
	352	Ian BAKER	M	M45-49	52	14:12:25	1:49:50	0:15:41	6:51:56	0:09:07	5:05:48	Unknown	FIN
	353	Justin BELL	M	M45-49	53	14:12:25	1:26:57	0:20:17	7:33:22	0:13:10	4:38:36	Unknown	FIN
	354	Rob AMBRIDGE	M	M45-49	54	14:13:06	1:20:04	0:11:26	7:29:23	0:07:19	5:04:52	Unknown	FIN
	355	Scott BRAILEY	M	M35-39	54	14:13:31	1:32:02	0:13:27	7:20:13	0:12:46	4:55:02	Unknown	FIN
	356	Simon TAYLOR	M	M35-39	55	14:13:32	1:18:53	0:17:53	7:28:57	0:12:18	4:55:30	Unknown	FIN
	357	Susan MAIRE	F	F45-49	9	14:14:40	1:34:39	0:10:56	7:22:51	0:06:13	4:59:59	Unknown	FIN
	358	Neil FARMER	M	M35-39	56	14:15:01	1:35:47	0:14:29	7:01:00	0:15:31	5:08:12	Unknown	FIN
	359	Thomas MCCORMICK	M	M35-39	57	14:15:02	1:52:56	0:12:34	6:52:01	0:09:02	5:08:27	Unknown	FIN
	360	Mark MOFFAT	M	M40-44	64	14:16:21	1:36:49	0:11:05	7:49:25	0:04:07	4:34:52	Unknown	FIN
	361	Steven FLOOK	M	M55-59	15	14:20:06	1:28:43	0:13:06	7:14:32	0:07:52	5:15:51	Unknown	FIN
	362	Juan Carlos FRIETMAN	M	M40-44	65	14:20:59	1:32:42	0:11:14	7:21:54	0:09:16	5:05:51	Unknown	FIN
	363	Brendan WHYATT	M	M45-49	55	14:25:20	1:35:08	0:12:35	7:45:57	0:09:39	4:41:59	Unknown	FIN
	364	Richard FILE	M	M65-69	1	14:26:33	1:27:10	0:14:40	7:14:12	0:04:36	5:25:54	Unknown	FIN
	365	Adam WESBROOM	M	M30-34	38	14:28:55	1:22:24	0:13:18	7:50:14	0:09:02	4:53:55	Unknown	FIN
	366	Peter BITTEN	M	M55-59	16	14:31:04	1:22:17	0:12:29	7:04:37	0:08:25	5:43:14	Unknown	FIN
	367	Robert STONE	M	M45-49	56	14:31:36	1:24:22	0:09:02	6:57:23	0:08:16	5:52:31	Unknown	FIN
	368	Szymon RUTKOWSKI	M	M30-34	39	14:32:08	1:16:14	0:08:47	6:39:17	0:06:41	6:21:06	Unknown	FIN
	369	Jon MUMBY	M	M40-44	66	14:32:53	1:57:41	0:11:34	7:09:52	0:05:55	5:07:50	Unknown	FIN
	370	Tom LYONS	M	M50-54	38	14:39:28	1:42:20	0:17:29	7:39:45	0:08:10	4:51:41	Unknown	FIN
	371	Alistair BATES	M	M60-64	5	14:46:20	1:51:48	0:11:58	7:09:09	0:05:04	5:28:19	Unknown	FIN
	372	Ben MARTIN	M	M30-34	40	14:48:47	1:19:46	0:11:49	7:32:22	0:09:39	5:35:08	Unknown	FIN
	373	Mike DAVIES	M	M18-24	5	14:51:15	1:20:46	0:12:02	7:44:30	0:04:49	5:29:06	Unknown	FIN
	374	Paul BENNETT	M	M60-64	6	14:52:13	1:35:53	0:13:39	7:29:59	0:09:39	5:23:01	Unknown	FIN
	375	Mark HOLLOWAY	M	M45-49	57	14:54:42	1:42:27	0:10:48	6:59:52	0:04:20	5:57:13	Unknown	FIN
	376	Michael NORRIS	M	M50-54	39	14:55:52	1:40:12	0:15:31	7:29:52	0:10:37	5:19:38	Unknown	FIN
	377	Raymond BURROWS	M	M30-34	41	14:55:53	1:38:27	0:07:39	7:02:37	0:04:04	6:03:04	Unknown	FIN
	378	JAMES WAGHORN	M	M25-29	22	14:58:21	1:25:48	0:12:36	7:10:21	0:08:13	6:01:20	Unknown	FIN
	379	Andy SAUNDERS	M	M45-49	58	14:58:50	1:35:14	0:04:05	7:45:33	0:07:12	5:26:44	Unknown	FIN
	380	Andy NORMAN	M	M45-49	59	14:58:54	2:03:19	0:08:36	7:49:44	0:06:41	4:50:31	Unknown	FIN
	381	Juliet SMITH	F	F45-49	10	14:59:37	1:42:15	0:11:10	7:12:13	0:07:56	5:46:01	Unknown	FIN
	382	MARTIN STACEY	M	M55-59	17	15:01:19	1:26:34	0:04:01	8:05:09	0:03:10	5:22:23	Unknown	FIN
	383	William OLDRIEVE	M	M25-29	23	15:01:42	1:31:47	0:09:31	7:33:26	0:03:45	5:43:11	Unknown	FIN
	384	JANET BYWATER	F	F50-54	5	15:03:32	1:32:35	0:17:05	7:29:02	0:07:28	5:37:19	Unknown	FIN
	385	Aaron TRIM	M	M25-29	24	15:07:59	1:47:12	0:09:47	7:24:07	0:05:11	5:41:41	Unknown	FIN
	386	Steven ROSSELL	M	M50-54	40	15:14:33	1:26:22	0:12:22	7:52:43	0:07:24	5:35:40	Unknown	FIN
	387	Simon Barrett	M	M30-34	42	15:15:23	1:26:38	0:17:07	7:39:08	0:11:02	5:41:26	Unknown	FIN
	388	James SNOOK	M	M35-39	58	15:15:24	1:29:26	0:14:16	7:39:11	0:11:01	5:41:28	Unknown	FIN
	389	Shane DURKAN	M	M40-44	67	15:18:21	1:20:35	0:09:32	8:05:11	0:08:26	5:34:34	Unknown	FIN
	390	John ROBINSON	M	M50-54	41	15:21:36	1:18:34	0:07:12	7:13:19	0:02:48	6:39:42	Unknown	FIN
	391	Helen JUCKES	F	F40-44	12	15:26:55	1:29:50	0:12:02	8:16:30	0:06:43	5:21:47	Unknown	FIN
	392	John DUNN	M	M35-39	59	15:31:05	1:18:20	0:10:32	7:37:45	0:06:37	6:17:50	Unknown	FIN
	393	Rachel HEPWORTH	F	F40-44	13	15:31:45	1:37:08	0:11:01	8:02:27	0:06:18	5:34:50	Unknown	FIN
	394	Laura ELLIOTT	F	F25-29	5	15:35:44	1:21:21	0:10:44	7:56:20	0:07:09	6:00:08	Unknown	FIN
	395	Jerry O' DWYER	M	M45-49	60	15:40:56	2:06:16	0:04:22	7:45:36	0:09:08	5:35:31	Unknown	FIN
	396	Karen BIRCHER	F	F55-59	1	15:51:10	1:32:47	0:10:16	7:51:40	0:03:34	6:12:51	Unknown	FIN
	397	Dave BIRCHER	M	M60-64	7	15:51:11	1:33:20	0:09:48	7:51:35	0:03:38	6:12:49	Unknown	FIN
	398	Sarah BOOTH	F	F45-49	11	16:02:13	2:09:24	0:04:08	7:41:28	0:02:30	6:04:42	Unknown	FIN
